0.93 0.6 0.78 0.07 0.21 0.93 8.0
0.46 0.3 0.06 0.63 0.37 0.92 21.0
0.27 0.77 0.93 0.94 0.2 0.72 31.0
0.52 0.88 0.53 0.71 0.92 0.79 6.0
0.29 0.6 0.78 0.84 0.27 0.27 21.0
0.36 0.01 0.82 0.1 0.97 0.86 86.0
0.25 0.74 0.28 0.07 0.92 0.73 11.0
0.85 0.28 0.1 0.19 0.9 0.59 13.0
0.37 0.67 0.62 0.7 0.3 0.1 3.0
0.22 0.5 0.46 0.26 0.22 0.68 3.0
0.76 0.36 0.42 0.02 0.24 0.34 21.0
0.15 0.0 0.42 0.29 0.57 0.16 16.0
0.95 0.1 0.42 0.62 0.56 0.13 100.0
0.18 0.05 0.16 0.07 0.61 0.26 105.0
0.96 0.92 0.38 0.54 0.97 0.82 8.0
0.35 0.08 0.09 0.66 0.14 0.09 13.0
0.18 0.61 0.14 0.51 0.99 0.38 18.0
0.9 0.69 0.44 0.85 0.57 0.55 8.0
0.95 0.6 0.28 0.22 0.58 0.49 13.0
0.05 0.4 0.1 0.4 0.04 0.57 18.0
0.45 0.3 0.97 0.75 0.13 0.78 172.0
0.59 0.26 0.83 0.39 0.47 0.12 8.0
0.74 0.6 0.65 0.28 0.73 0.76 18.0
0.7 0.67 0.32 0.8 0.37 0.12 6.0
0.17 0.76 0.21 0.63 0.91 0.68 8.0
0.55 0.71 0.02 0.98 0.26 0.48 13.0
0.93 0.06 0.3 0.9 0.37 0.4 11.0
0.01 0.86 0.07 0.97 0.88 0.9 128.0
0.63 0.16 0.6 0.4 0.26 0.84 18.0
0.49 0.33 0.5 0.66 0.27 0.17 49.0
0.84 0.6 0.81 0.17 0.65 0.88 52.0
0.78 0.73 0.8 0.85 0.37 0.96 54.0
0.19 0.02 0.25 0.79 0.07 0.45 29.0
0.57 0.93 0.43 0.24 0.71 0.22 62.0
0.21 0.74 0.3 0.69 0.53 0.3 34.0
0.53 0.73 0.8 0.8 0.7 0.33 44.0
0.39 0.77 0.42 0.61 0.57 0.17 47.0
0.18 0.26 0.08 0.32 0.31 0.14 16.0
0.04 0.65 0.43 1.0 0.11 0.59 39.0
0.99 0.94 0.55 0.38 0.59 0.87 63.0
0.9 0.47 0.03 0.8 0.41 0.45 31.0
0.79 0.26 0.37 0.64 0.43 0.32 49.0
