0.94 0.52 0.83 0.04 0.01 0.03
0.53 0.64 0.7 0.44 0.7 0.08
0.44 0.51 0.93 0.28 0.88 0.03
0.39 0.21 0.77 0.84 0.04 0.21
0.61 0.29 0.08 0.86 0.34 0.23
0.11 0.24 0.79 0.42 0.14 0.64
0.55 0.26 0.15 0.72 0.45 0.05
0.21 0.41 0.56 0.6 0.76 0.21
0.52 0.32 0.29 0.76 0.87 0.13
0.08 0.12 0.76 0.28 0.88 0.03
0.15 0.83 0.32 0.99 0.86 0.03
0.82 0.94 0.8 0.2 0.53 0.15
0.67 0.81 0.19 0.82 0.72 0.75
0.83 0.02 0.83 0.3 0.68 0.7
0.71 0.94 0.81 0.28 0.77 0.13
0.01 0.04 0.18 0.93 0.92 0.05
0.93 0.43 0.48 0.16 0.85 0.08
0.21 0.96 0.09 0.4 0.24 0.21
0.55 0.78 0.74 0.57 0.7 0.23
0.11 0.57 0.5 0.35 0.66 0.08
0.04 0.87 0.27 0.79 0.84 0.86
0.56 0.02 0.05 0.3 0.84 0.1
0.75 0.92 0.68 0.69 0.39 0.13
0.22 0.2 0.59 0.7 0.82 0.1
0.23 0.58 0.95 0.39 0.57 0.08
0.11 0.81 0.93 0.54 0.32 0.03
0.64 0.12 0.48 0.04 0.68 0.08
0.3 0.76 0.42 0.17 0.4 0.85
0.47 0.49 0.64 0.08 0.87 0.36
0.49 0.04 0.89 0.73 0.59 0.82
0.99 0.89 0.23 0.62 0.65 0.51
0.76 0.43 0.76 0.9 0.83 0.49
0.89 0.19 0.45 0.63 0.62 0.38
0.5 0.03 0.05 0.78 0.97 0.95
0.81 0.45 0.55 0.33 0.69 0.46
0.88 0.78 0.12 0.98 0.07 0.33
0.35 0.99 0.56 0.04 0.81 0.49
0.29 0.34 0.82 0.19 0.96 0.26
0.51 0.02 0.82 0.89 0.29 0.38
0.53 0.55 0.55 0.31 0.47 1.0
0.05 0.32 0.82 0.07 0.31 0.44
0.12 0.79 0.54 0.78 1.0 1.0
