0.18954032999999998 0.04771111 -0.06834524 1.57992606 0.19918639999999999 0.19088752
0.14729957000000002 0.01788218 -0.06592956 1.63704849 0.18791823000000002 0.45352511
0.1353279 0.08097441999999999 0.00733333 0.6681282500000001 0.18422887 0.7544119100000001
0.14107792 0.09683278 0.037732220000000004 0.17990136 0.12761988000000002 0.47078517
0.1809571 0.07191948 0.04666667 0.22341149000000002 0.00373625 0.25170487999999996
0.14488171 0.09589753999999999 0.04166508 0.2725851 0.02658911 0.28001125
0.17621876 0.08170742 0.04666667 1.35730461 0.18979636 0.37221756999999994
0.14362646 0.09709672 0.01728601 0.99035404 0.10654522999999999 0.5674593
0.14280552999999999 0.08158289 0.03953607 0.37942081 0.18586825 0.43766506
0.11034661 0.10815699000000001 0.04225599 0.70001165 0.15606912 0.7337058399999999
0.12523228 0.11837429999999999 0.0036747299999999998 0.45521644 0.08150410000000001 0.5034727999999999
0.14915804 0.08905568999999999 0.00733333 0.67994829 0.13857434 0.8022210200000001
0.11339571 0.06280149 0.01572637 0.70142535 0.007038020000000001 0.61574478
0.12609438 0.07586973999999999 0.0071831199999999994 0.7411190499999999 0.15523695 0.8506370200000001
0.18371217 0.01645462 -0.043333329999999996 1.8592177300000001 0.07973052 0.27122607
0.10002052 0.00953871 -0.04788282 1.3933343999999999 0.010897170000000001 0.24404274999999997
0.20212045 0.060687 0.04765973 1.16558193 0.1077054 0.40477454
0.12700682 0.06725594 0.01738791 1.63079442 0.04235229 0.36254756
0.18187442 0.05487243 0.04773315 1.7580278100000002 0.02707842 0.24499638
0.15637701 0.1145257 0.08531563 1.9778232299999998 0.04520872 0.13287645
0.1959081 0.09418446 0.04690964 0.0010447499999999999 0.03223328 0.25019083
0.19447831000000002 0.11579706 0.08554259 1.73087718 0.04159588 0.13280303
0.17014684 0.13992804 0.08733333 1.22513294 0.00938353 0.25741373
0.16191573 0.14591113 0.08733333 1.97990041 0.13974354 0.39909874
0.17992675 0.028804249999999997 -0.04355487 1.05536014 0.06201071 0.41894602
0.14990292 0.07083113 0.01333744 0.7590467700000001 0.13849127 0.8148903
0.14229343 0.10443994999999999 0.045683350000000005 1.60269521 0.15293587 0.48951965000000003
0.15230446 0.014073 -0.04343757 0.45568587 0.14980552 0.57582662
0.13074266 0.07881065999999999 0.007371259999999999 0.60618858 0.14787623 0.77552926
0.12661543 0.07955163 0.00666667 0.8017049799999999 0.1279403 0.77195261
0.14900526 0.07917097000000001 0.00733333 0.7493224399999999 0.1272651 0.76512372
0.12735976000000002 0.062728 -0.0 1.6903563700000002 0.1478786 0.68333333
0.1377814 0.09901845 0.04795896 1.47728058 0.18765959 0.36753031999999997
0.2187919 0.10071467 0.04824627000000001 1.17197407 0.19226403 0.4400269
0.14716378 0.08118869000000001 0.017099800000000002 0.60346905 0.10946475 0.56378662
0.20356881999999998 0.07800786999999999 0.04666667 1.33283243 0.0458615 0.28115649000000004
0.15085302 0.052156900000000006 0.046954 0.16696563 0.12429551 0.41474575
0.05306324 0.02249959 -0.08719746 1.25191957 0.1408686 0.68221244
0.11431293000000001 0.08791381 -0.0 1.3218891199999998 0.09174637000000001 0.42831654999999996
0.11284967 0.0393218 -0.04598273 1.45950371 0.045314610000000005 0.25594217
0.16639092000000003 0.0066681100000000005 -0.043333329999999996 1.78150423 0.20854529 0.27122607
0.12137933000000001 0.06323999 0.00615687 0.70460645 0.16012553000000002 0.85190771
